0,396
0,395
365,35
34,358
34,357
34,356
34,355
34,354
34,353
34,352
34,351
34,350
34,349
34,348
34,347
34,346
34,345
34,344
34,343
34,342
34,334
34,333
34,332
34,331
34,330
34,329
34,328
34,325
34,324
34,323
34,320
34,295
34,294
34,293
34,292
34,291
34,290
34,289
34,288
34,287
34,286
34,285
34,284
34,283
34,282
34,281
34,280
34,279
34,278
34,277
34,276
34,275
34,274
34,273
34,272
34,271
34,270
34,269
34,268
34,267
34,266
34,256
34,114
34,107
34,9
34,7
34,6
34,5
34,4
34,3
34,2
34,1
34,0
32,5
32,3
32,1
30,4
30,3
30,1
29,5
29,4
29,3
29,1
28,5
28,3
28,1
26,5
26,4
26,3
26,1
25,4
25,3
25,1
20,3
20,2
20,1
19,3
19,2
19,1
18,3
18,1
14,15
14,14
14,7
14,6
14,5
14,4
14,3
14,1
13,3
13,1
12,3
12,2
12,1
11,28
11,27
11,26
11,25
11,24
11,23
11,22
11,21
11,20
11,19
11,18
11,17
11,16
11,15
11,14
11,13
11,12
11,11
11,10
11,8
11,7
11,6
11,5
11,3
11,2
11,1
10,303
10,273
10,245
10,243
10,139
10,121
10,109
10,103
10,3
10,2
10,1
9,7
9,5
9,3
9,2
9,1
8,15
8,14
8,10
8,8
8,7
8,3
8,2
8,1
3,3
3,2
3,1
2,3
2,2
2,1
0,441
0,388
0,0
365,34
365,33
365,32
365,31
365,30
365,29
365,28
365,27
365,26
365,25
365,24
365,23
365,22
365,21
365,20
365,19
365,18
365,17
365,16
365,15
365,14
365,13
365,12
365,11
365,10
365,9
365,8
365,7
365,6
365,5
365,4
365,3
365,2
365,0
0,538
0,421
0,9
0,420
0,276
0,275
0,272
0,271
0,524
0,12
0,317
0,10
0,8
0,510
0,530
0,268
0,509
0,416
0,267
0,508
0,266
0,507
0,467
0,265
0,506
0,458
0,264
0,540
0,456
0,263
0,505
0,529
0,262
0,504
0,385
0,261
0,503
0,314
0,260
0,412
0,568
0,259
0,502
0,537
0,258
0,528
0,470
0,257
0,501
0,522
0,256
0,535
0,414
0,255
0,519
0,435
0,254
0,518
0,469
0,253
0,534
0,543
0,252
0,500
0,465
0,251
0,499
0,413
0,250
0,552
0,521
0,249
0,514
0,313
0,248
0,513
0,439
0,247
0,527
0,451
0,246
0,498
0,387
0,245
0,497
0,392
0,244
0,496
0,384
0,242
0,495
0,455
0,241
0,494
0,306
0,240
0,493
0,567
0,239
0,492
34,359
34,374
34,377
34,378
34,381
35,1
35,4
36,3
36,5
36,17
36,34
81,1
160,1
160,4
160,10
162,1
11,4
10,113
10,17
10,297
10,19
10,219
36,9
0,319
162,3
81,4
35,1232
35,153
36,4
